                                                                     22222                          
                                                                   2222222                          
                                                                   22222                            
                                                                   22222                            
                                                                5222222222                          
                                                                 22222222222                        
                                                                   222222222222                     
                                                                     2222222222                     
                                                                     2222222222                     
                                                                     2222222                        
                                                                     22222                          
                                                                   22222                            
                                                                   25555                            
                            444444444444                      44498664442222225                     
                          4466444444444444666644444444        66698966445555555                     
                        6644999446455554444666444444444444666699999996666644666                     
                        4499999994444444444444444455444444466469996996444425                        
                     4449999999999944446644555444444446664444469999996445555                        
                     6669999666999999445555444446644444446666899996664444466                        
                   446999999999999999994444444444466444444466899999994554444444                     
                 6466999999999999999999664445554444445554444666999999455555444446                   
               6644699999966666666999999964555554444555554444446699664445555444446                  
               646999999999999999999999999964444444444444446644444499644446644444444                
               66699996699661149611499669999999445555444444455554444444444444446644446               
             646999999999966114961149999999999999444444666444444444655544445555444444444             
          644999999966999966999999999999666699999996444444445544444444444444444445555544446          
        4449999999999999996611496114999999999999999994555544444455444455555446644444444452225        
        44499999996666669999669996999999666666699999964444444444444444444444445555444444444446      
      6666699999996666669999999999999996666666699999996444444444444444444444444555444464444444      
      446988866998888899988888888888888999888999999888999888888888888888888888999988888             
          66666999666698666666666666666996666699996666996444444444444444444446999966644             
          66699999999999999999999999999999999999996655989999999999999999999999999999655             
            666999666666996699999999999669996666999999444555555444444444444455555544699             
          66666999999999996699966996999669999999996645996444444999999999994444444469655             
          66699999666999996699966996699669996999996455989999999999999999999999999999655             
          66699999666999996699966996699669996999996644699999999991199111999999999999644             
           6666999999999996699966996699669999999999999455555554991199111994455555544698             
          44466999666666996699966999999669996666996455996444446999999999994444444499655             
          64499999999999996699999999999669999999994555999999999991199111999999999999655             
           6666999666699996699999996699669996699999999644555554991199111994455555544699             
             66999999999996699999999999669999999996644696444444999999999994444444469644             
          64499999996996996699969999999669999969994555999999644444444444444469999999655   4444      
          64499999996696996699966999999669996669996444696666655555555555555466666999644  4444446    
     66      66699999999996699966996699669999999999999644555555554444555555555554446699 44444444    
    4446     66999666699996699966996699669996699996455996444444444444444444444444499966 444444      
    444444   89999999999999999999999999999999999994555999999999999999999999999999999644   444444    
  4444444444 66666698966666666666665555999666699666444555544455555555444445544455555444    44444 444
  4444444444 999999999999999999999644449999999999966994444444455555545554444444444444   4444 4444444
444444446444 999999999999999996444444669999999999966664466644444544444444466444444444   444444 444  
444 4446     6699969969996966645554669999999666999664466999446644444444466996644444   64444444 444  
             99999999999999999944469999999999999999666988894689644644446888889644     6446          
             666666666666644999999999999999999999999988                6666                         